# Borůvka minimum spanning forest (undirected edges, u <= v)
# input: /Users/kentpun/Documents/_04.studies/MSc BDT/MSBD 5003/_05. Project/Implementation/data/complex_random.txt
total_weight 752852
num_iterations 3
num_components 1
# edges: u v weight
0 42 8574
0 44 11889
1 14 4932
1 92 9448
2 42 2059
2 101 6099
3 18 3029
3 82 3987
4 37 15171
4 58 5772
4 79 4485
5 17 2439
5 35 3574
6 53 3843
6 61 1379
7 15 6182
8 11 5595
9 52 7332
9 114 7186
9 119 611
10 31 7763
10 76 2613
11 55 6329
12 88 3973
13 48 2538
13 62 804
13 85 10540
14 72 14285
14 84 1690
14 105 4283
15 62 1892
16 18 472
16 24 4197
16 42 4418
16 55 2742
18 77 4305
19 31 5373
19 63 2427
20 69 4841
20 88 3316
21 84 5558
22 25 8662
22 38 928
22 101 7162
23 101 11141
24 32 2909
25 107 1336
26 75 14153
26 80 13830
27 64 17381
28 83 4497
28 103 13051
28 108 7093
28 110 2605
29 60 1641
29 95 5924
30 39 5614
30 40 17408
31 71 7954
31 109 5680
32 62 3330
33 74 2508
33 84 5321
34 66 8242
35 50 531
35 106 2890
35 110 4550
36 47 10339
38 63 7611
39 45 6790
39 46 2615
41 48 13872
42 111 6578
43 52 4941
43 82 830
46 55 4586
47 82 7311
48 61 387
49 103 21655
50 62 3797
51 62 4856
51 70 27
51 84 4561
52 59 3553
52 67 4536
52 78 18334
52 112 1625
53 93 6232
54 87 7076
55 90 111
56 100 2187
56 116 4817
57 114 10431
59 66 3292
59 89 16794
59 117 3747
59 118 3859
64 73 13943
65 75 7147
65 110 76
68 90 8296
71 97 15750
73 113 14009
79 88 7508
81 90 6587
83 88 364
83 99 2639
84 115 6113
85 94 12913
86 95 11406
87 107 8964
88 113 9769
91 95 7507
95 99 3215
96 114 6986
98 108 4773
99 102 15082
99 104 10733
107 116 7436
