# Generated: n=120, |E|=619, seed=42
# Reference (Kruskal): total_weight=752852 mst_edges=119 components=1
6 19 9778
13 47 44227
62 111 35457
9 87 25217
96 111 38997
56 106 35601
54 99 14342
81 82 39135
8 110 18105
98 108 4773
6 23 17050
23 76 42591
49 89 32400
72 92 33696
2 101 6099
14 98 26489
24 73 47078
62 91 29372
96 114 6986
52 92 32020
84 118 45448
10 109 21533
58 119 21089
49 103 21655
34 36 39639
9 68 47324
64 67 17861
85 94 12913
25 107 1336
13 89 19765
60 101 48232
77 83 21119
1 85 36347
82 106 10091
29 118 17338
14 105 4283
38 63 7611
95 105 37304
42 52 21041
18 111 37115
21 56 45483
75 84 12965
67 76 18547
58 79 36897
78 103 35270
7 9 10874
37 73 45828
30 36 17808
14 54 35689
62 73 18251
49 92 46390
87 107 8964
59 118 3859
27 86 33501
87 106 49020
57 114 10431
84 95 5958
52 72 44683
53 77 39068
57 64 14520
56 59 28978
42 69 30535
19 113 27190
42 111 6578
69 100 23977
15 75 10318
12 83 32070
88 113 9769
21 38 36032
11 16 19341
36 117 28781
70 95 10188
9 12 35235
21 84 5558
68 95 48145
42 44 36171
13 45 36693
38 110 38570
73 113 14009
0 44 11889
47 69 12179
41 117 39983
78 79 49972
32 106 5368
73 86 24597
28 83 4497
32 88 29940
11 81 27760
32 62 3330
0 36 47583
47 82 7311
4 58 5772
13 62 804
3 82 3987
56 80 49807
7 82 39910
5 100 22755
84 92 41121
14 33 7015
77 116 48836
52 67 4536
3 11 15003
18 77 4305
15 103 37089
63 119 46964
20 30 11392
12 101 45992
56 112 45761
44 93 20558
34 64 14268
17 54 30258
60 70 34795
31 103 17486
2 42 2059
65 82 26194
13 112 8801
102 115 30491
99 104 10733
15 62 1892
16 24 4197
14 49 37788
37 103 48927
70 74 9706
95 110 31109
9 52 7332
8 95 31212
37 58 33132
72 75 43451
60 109 14578
34 66 8242
14 109 42908
47 98 10997
30 80 17997
25 53 47875
54 73 32955
9 75 45261
54 68 43354
54 111 47256
49 109 27461
33 84 5321
57 68 31742
50 91 12998
61 107 24837
42 70 23057
7 45 26093
15 59 45134
2 22 17392
12 94 49987
16 55 2742
7 79 39953
5 35 3574
44 108 36456
87 117 18834
38 115 33235
10 76 2613
105 116 31579
2 60 49089
14 47 49979
54 103 36764
8 26 36321
38 45 49380
5 49 23220
74 81 35938
0 52 29525
29 60 1641
16 119 22873
69 102 39535
64 73 13943
23 74 28567
28 110 2605
36 84 26245
17 52 37941
44 71 43377
45 47 28226
86 92 26045
79 101 14791
20 100 45959
32 47 35191
40 76 49497
58 105 26132
6 16 48610
85 102 48173
23 24 14181
98 104 40746
16 81 49335
30 86 20344
59 117 3747
14 72 14285
28 82 9765
105 108 29801
9 79 44584
37 65 46230
57 99 23727
100 101 40964
32 110 31309
59 89 16794
30 75 21219
55 77 33517
97 109 28493
26 75 14153
48 85 22047
39 117 22271
36 90 18529
31 109 5680
81 115 46937
44 56 38508
72 78 19724
65 68 26149
48 111 40614
36 65 43507
51 84 4561
31 88 20068
104 111 15270
10 115 21110
30 39 5614
21 105 10900
15 108 47170
79 96 32670
54 90 36760
13 55 23737
74 84 24185
118 119 15515
13 85 10540
66 118 35288
36 76 31813
3 71 39912
53 106 25525
29 49 45479
50 83 29820
30 84 44597
13 61 15546
10 72 15926
89 102 31895
9 56 46763
52 112 1625
79 88 7508
81 114 30130
3 63 21301
22 38 928
93 114 39087
33 109 33123
23 101 11141
36 38 13775
34 53 31622
42 71 43910
48 61 387
8 53 26713
30 51 29736
81 104 32226
16 31 37001
38 119 43476
20 69 4841
76 88 30797
11 52 14726
5 97 49563
3 18 3029
45 102 16932
22 25 8662
9 84 33393
31 51 9672
5 17 2439
61 108 26321
9 119 611
87 109 34677
28 114 31997
83 99 2639
50 62 3797
33 57 49269
62 110 9739
16 35 40916
1 93 10017
32 46 35340
11 46 25859
56 83 18230
56 94 36155
11 55 6329
73 110 38478
16 69 16427
107 116 7436
62 116 37335
38 90 40087
55 113 48139
50 55 39754
9 114 7186
73 80 44988
30 109 23769
45 93 44130
12 30 35229
28 81 12461
4 37 15171
44 54 48886
22 101 7162
38 107 38466
18 94 41496
22 94 21771
62 88 42007
35 90 43082
22 55 48091
1 70 36193
35 73 14822
16 50 44020
85 117 21640
100 115 39059
89 116 19805
7 26 34758
28 103 13051
16 88 17487
3 42 7560
72 110 44945
6 36 39349
95 99 3215
22 102 45608
52 110 12557
28 108 7093
7 101 19227
26 91 22472
34 105 37765
22 66 49498
32 79 44418
37 82 47406
3 10 42124
3 5 21259
38 108 13056
63 106 18757
7 53 13556
78 86 42120
8 112 16010
34 116 9322
10 22 39944
4 93 38285
20 88 3316
31 60 40061
35 96 27628
3 62 25485
41 52 26372
49 84 42731
48 73 23525
16 103 36463
29 59 41806
92 96 43201
25 27 35534
28 96 44324
63 69 28689
83 112 36133
6 69 22936
30 40 17408
56 114 40151
58 70 9480
108 111 28856
67 85 36630
38 82 29965
36 73 30763
16 64 38679
11 104 49227
108 109 41875
52 111 42912
84 115 6113
20 43 24252
10 31 7763
38 89 26379
3 34 11824
4 88 24284
97 104 36052
55 105 47909
58 88 43188
1 71 33858
11 84 13901
12 106 12722
12 80 41122
22 60 34011
3 96 16206
2 37 43138
34 56 36302
17 49 29730
77 102 23090
65 75 7147
44 103 47781
48 94 37043
29 87 37958
98 115 38279
35 110 4550
13 21 26462
67 91 27723
32 40 21187
41 77 16409
47 92 36257
24 32 2909
21 107 30631
40 54 20482
29 109 26921
91 113 49769
50 99 29589
97 112 24847
51 62 4856
38 81 27808
47 85 48703
37 70 45706
72 74 26678
33 86 38310
58 89 17755
40 79 43476
3 118 20445
16 70 18877
4 79 4485
56 116 4817
35 50 531
7 15 6182
51 70 27
32 58 16734
69 89 27468
92 110 14092
46 74 47996
41 91 24963
12 88 3973
29 37 23651
53 108 32126
70 76 13881
25 104 30167
7 119 35147
32 85 24531
75 92 49821
42 99 9671
36 47 10339
0 42 8574
53 85 24848
24 111 45712
13 39 37925
87 112 16247
13 48 2538
62 66 37183
39 44 14916
15 92 12622
43 111 7548
94 95 24422
30 70 35349
34 75 21123
15 52 23174
24 51 21513
11 60 22804
19 87 31082
75 95 47619
35 106 2890
46 55 4586
55 90 111
104 118 36067
23 62 13902
41 48 13872
41 58 22119
9 19 30769
59 66 3292
54 87 7076
27 64 17381
30 61 33272
6 53 3843
99 102 15082
43 85 44509
38 66 30019
9 70 10259
0 35 9483
43 119 33276
81 90 6587
20 90 20366
16 90 38565
48 105 41848
41 108 20154
79 113 36793
28 34 28563
19 90 14022
31 96 30456
100 119 26983
68 77 12446
68 97 45231
87 108 39349
1 16 23478
18 31 34811
92 104 33082
14 84 1690
29 95 5924
39 101 38997
24 35 8006
91 95 7507
43 82 830
85 111 49171
37 89 36334
41 95 27231
61 99 30466
35 43 39070
7 75 36805
30 73 25099
19 63 2427
15 58 24156
47 59 17371
33 81 10590
65 95 8947
87 92 48625
21 47 32022
5 78 47661
54 106 35906
66 99 31759
111 113 26633
60 96 43238
51 102 47460
33 74 2508
9 80 39253
66 83 17701
53 93 6232
24 66 23710
45 115 13768
1 33 35165
12 87 24074
40 42 35400
18 33 26942
33 100 22188
39 46 2615
28 37 26503
32 39 15109
12 55 49832
36 115 44408
21 106 16841
13 76 28480
42 100 9187
31 87 43709
86 107 35142
55 100 38010
3 68 25823
1 14 4932
11 87 33282
10 17 9885
4 69 24197
39 54 37266
48 57 29015
86 95 11406
52 78 18334
19 84 31601
8 81 30427
18 19 12026
3 28 43256
68 90 8296
17 58 30451
56 61 22329
10 24 15818
84 111 35560
43 52 4941
27 56 29144
6 26 17502
100 116 43182
2 89 37729
86 96 44251
1 92 9448
9 89 25587
89 110 29756
74 116 9380
35 98 23013
48 53 29731
98 114 40980
53 67 7449
14 50 13387
67 95 14099
98 101 27194
77 80 15683
5 40 48805
60 88 42330
39 85 30319
30 87 32616
8 96 32807
12 67 29946
63 88 46724
52 59 3553
6 48 47725
26 80 13830
102 108 36525
31 107 41790
2 6 21857
2 97 44059
83 103 34665
33 112 11703
39 45 6790
9 59 9225
8 11 5595
40 118 49275
61 94 18121
8 47 33159
16 117 40781
26 87 41566
53 58 41273
35 112 29544
79 81 21967
93 96 39053
16 42 4418
65 110 76
31 71 7954
40 108 28712
89 112 18106
69 115 42260
56 100 2187
80 106 15916
19 31 5373
60 90 24985
72 103 19913
3 74 20734
52 83 7647
83 88 364
16 60 43874
24 49 39281
86 109 34972
5 82 20247
69 97 24721
40 48 41078
19 79 15634
0 20 35428
6 61 1379
20 110 11604
79 95 10129
16 18 472
56 57 31827
34 89 49966
55 57 14975
15 40 48686
71 97 15750
